6.7963
34.021
34.498
32.198
32.577
86.744
70.332
15.152
227.57
153.56
159.04
166.65
199.61
256.13
12.22
153.46
151.51
147.95
167.6
176.22
195.86
237.5
210.2
250.35
241.29
246.68
223.92
225.98
224.76
223.06
223.5
172.71
156.23
170.48
164.11
172.47
156.47
189.02
153.53
157.26
162.17
163.39
169.13
164.31
166
178.98
186.28
195.6
190.24
185.41
194.26
207.28
197.96
216.42
207.69
197.69
223.13
217.63
211.62
215.49
234.27
225.93
214.82
219.24
216.23
235.41
242.21
239.38
241.72
238.57
231.57
254.44
30.8
272.16
6.9497
5.2578
4.428
1.9448
2.3371
4.6198
3.8853
270.13
284.09
289.14
264.09
285
303.57
275.08
270.89
268.1
261.92
276.51
267.98
265.98
270.3
285.36
279.11
302.25
272.47
280.5
